GRB      z       Sb(10E-5erg/cm2)  dSb    Ep,i(keV)  dEp,i   mu      dmu
060218   0.0331  2.20              0.10   4.9        0.3     35.97   0.22
060614   0.125   5.90              2.40   55         45      38.71   0.11
030329   0.17    21.50             3.80   100        23      39.47   0.15
020903   0.25    0.016             0.004  3.37       1.79    40.29   0.13
011121   0.36    24.30             6.70   1060       265     41.23   0.17
020819B  0.41    1.60              0.40   70         21      41.86   0.21
990712   0.434   1.40              0.30   93         15      41.78   0.26
010921   0.45    1.80              0.20   129        26      41.85   0.46
091127   0.49    2.34              0.28   54         5       41.79   0.45
081007   0.5295  0.22              0.041  61         15      42.43   0.29
090618   0.54    28.087            3.37   257        41      42.44   0.11
090424   0.544   5.90              1.15   273        50      42.21   0.16
050525A  0.606   2.60              0.50   127        10      42.58   0.33
050416A  0.65    0.087             0.009  25.1       4.2     41.44   1.20
080916   0.689   0.79              0.079  184        18      43.16   0.23
020405   0.69    8.40              0.70   354        10      43.15   0.22
970228   0.695   1.30              0.10   195        64      43.21   0.21
991208   0.706   17.20             1.40   313        31      43.43   0.29
041006   0.716   2.30              0.60   98         20      44.32   0.88
090328   0.736   8.93              2.061  1028       312     42.99   0.20
030528   0.78    1.40              0.20   57         9       43.61   0.17
051022   0.8     32.60             3.10   754        258     43.71   0.22
970508   0.835   0.34              0.07   145        43      43.26   0.48
060814   0.84    3.80              0.40   473        155     43.90   0.23
990705   0.842   9.80              1.40   459        139     43.63   0.53
000210   0.846   8                 0.90   753        26      43.67   0.70
040924   0.859   0.49              0.04   102        35      44.11   0.30
091003   0.8969  4.75              0.79   810        157     44.16   0.57
080319B  0.937   49.70             3.80   1261       65      43.07   1.24
071010B  0.947   0.74              0.37   101        20      42.64   0.79
970828   0.958   12.30             1.40   586        117     43.20   0.64
980703   0.966   2.90              0.30   503        64      44.17   0.84
091018   0.971   0.30              0.03   55         20      44.51   0.23
980326   1       0.18              0.04   71         36      44.38   0.53
021211   1.01    0.42              0.05   127        52      44.04   0.38
991216   1.02    24.80             2.50   648        134     44.29   0.21
080411   1.03    5.70              0.30   524        70      44.25   0.14
000911   1.06    23                4.70   1856       371     44.14   0.25
091208B  1.063   0.79              0.056  255        25      44.12   0.28
091024   1.092   16.57             1.60   586        251     44.00   0.82
980613   1.096   0.19              0.03   194        89      44.02   0.84
080413B  1.1     0.73              0.092  150        30      44.05   0.83
000418   1.12    2.80              0.50   284        21      44.44   0.21
061126   1.1588  8.70              1.00   1337       410     44.05   0.41
090926B  1.24    0.83              0.042  204        10      44.94   0.19
020813   1.25    16.30             4.10   590        151     44.92   0.18
061007   1.261   21.10             2.10   890        124     44.87   0.21
990506   1.3     21.70             2.20   677        156     44.87   0.22
061121   1.314   5.10              0.60   1289       153     46.18   1.01
071117   1.331   0.89              0.21   647        226     45.92   0.77
050318   1.44    0.42              0.03   115        25      44.32   1.52
010222   1.48    14.60             1.50   766        30      44.15   1.46
060418   1.489   2.30              0.50   572        143     45.60   1.54
030328   1.52    6.40              0.60   328        55      43.43   1.50
070125   1.547   13.30             1.30   934        148     44.67   1.49
090102   1.547   3.48              0.63   1149       166     46.53   1.49
040912   1.563   0.21              0.06   44         33      43.27   2.06
990123   1.6     35.80             5.80   1724       466     44.80   1.55
071003   1.604   5.32              0.59   2077       286     47.23   1.48
090418   1.608   2.35              0.59   1567       384     47.58   1.54
990510   1.619   2.60              0.40   423        42      44.94   1.47
080605   1.6398  3.40              0.28   650        55      45.49   1.47
091020   1.71    0.11              0.034  280        190     47.58   1.96
080514B  1.8     2.027             0.48   627        65      46.04   1.47
090902B  1.822   32.38             1.01   2187       31      45.46   1.46
020127   1.9     0.38              0.01   290        100     46.41   1.61
080319C  1.95    1.50              0.30   906        272     47.14   1.57
081008   1.9685  0.96              0.09   261        52      45.22   1.51
030226   1.98    1.30              0.10   289        66      45.09   1.53
000926   2.07    2.60              0.60   310        20      44.51   1.47
090926   2.1062  15.08             0.77   974        50      44.83   1.46
011211   2.14    0.50              0.06   186        24      45.33   1.48
071020   2.145   0.87              0.40   1013       160     48.015  1.49
050922C  2.198   0.47              0.16   415        111     46.97   1.55
060124   2.296   3.40              0.50   784        285     46.09   1.62
021004   2.3     0.27              0.04   266        117     46.75   1.69
051109A  2.346   0.51              0.05   539        200     47.44   1.63
060908   2.43    0.73              0.07   514        102     46.99   1.51
080413   2.433   0.56              0.14   584        180     47.52   1.58
090812   2.452   3.077             0.53   2000       700     48.06   1.61
081121   2.512   1.71              0.33   871        123     47.11   1.49
081118   2.58    0.27              0.057  147        14      45.69   1.47
080721   2.591   7.86              1.37   1741       227     46.82   1.48
050820   2.612   6.40              0.50   1325       277     46.52   1.52
030429   2.65    0.14              0.02   128        26      46.16   1.51
080603B  2.69    0.64              0.058  376        100     46.60   1.55
091029   2.752   0.47              0.044  230        66      46.00   1.56
081222   2.77    1.67              0.17   505        34      46.16   1.47
050603   2.821   3.50              0.20   1333       107     47.25   1.47
050401   2.9     1.90              0.40   467        110     45.90   1.53
090715B  3       1.09              0.17   536        172     46.80   1.59
080607   3.036   8.96              0.48   1691       226     46.75   1.48
081028   3.038   0.81              0.095  234        93      45.53   1.65
020124   3.2     1.20              0.10   448        148     46.40   1.59
060526   3.21    0.12              0.06   105        21      46.095  1.51
080810   3.35    1.82              0.20   1470       180     48.28   1.48
030323   3.37    0.12              0.04   270        113     47.96   1.67
971214   3.42    0.87              0.11   685        133     47.63   1.51
060707   3.425   0.23              0.04   279        28      47.33   1.47
060115   3.53    0.25              0.04   285        34      47.31   1.48
090323   3.57    14.98             1.83   1901       343     46.55   1.50
060206   4.048   0.14              0.03   394        46      48.68   1.48
090516   4.109   1.96              0.38   971        390     47.58   1.65
080916C  4.35    10.13             2.13   2646       566     47.79   1.52
000131   4.5     4.70              0.80   987        416     46.74   1.67
060927   5.6     0.27              0.04   475        47      48.62   1.47
050904   6.29    2                 0.20   3178       1094    50.24   1.61
080913   6.695   0.12              0.035  710        350     50.45   1.74
090423   8.1     0.12              0.032  491        200     49.95   1.66
100413   3.90    2.36              0.77   1783.60    374.85  7.31    4.56  SW        (1)
100621   0.54    5.75              0.64   146.49     23.90   0.46    0.20  KW        (2)
100704   3.60    0.70              0.07   809.60     135.70  1.91    0.61  KW        (3)
100728B  2.45    0.29              0.01   359.11     48.34   0.42    0.12  FG        (4)
100814   1.44    1.39              0.23   312.32     48.80   0.77    0.31  KW        (5)
100906   1.73    3.56              0.55   387.23     244.07  2.77    1.18  KW        (6)
110205   2.22    3.32              0.68   740.60     322.00  4.04    1.82  KW/SB/SW  (7)
110213   1.46    1.55              0.23   223.86     70.11   0.88    0.41  KW        (8)
110422   1.77    9.32              0.02   421.04     13.85   7.58    1.67  KW        (9)
110503   1.61    2.76              0.21   572.25     50.95   1.89    0.55  KW        (10)
110715   0.82    2.73              0.24   218.40     20.93   0.51    0.16  KW        (11)
110731   2.83    2.51              0.01   1164.32    49.79   4.62    1.06  KW        (12)
110818   3.36    1.05              0.08   1117.47    241.11  2.56    0.85  FG        (13)
111008   5.00    1.06              0.11   894.00     240.00  4.82    1.61  KW        (14)
111107   2.89    0.18              0.03   420.44     124.58  0.34    0.14  FG        (15)
111209   0.68    69.47             8.72   519.87     88.88   8.77    3.61  KW        (16)
120119   1.73    4.62              0.59   417.38     54.56   3.60    1.17  KW        (17)
120326   1.80    0.44              0.02   129.97     10.27   0.37    0.11  FG        (18)
120724   1.48    0.15              0.02   68.45      18.60   0.09    0.05  SB        (19)
120802   3.80    0.43              0.07   274.33     93.04   1.28    0.78  SB        (20)
120811C  2.67    0.74              0.07   157.49     20.92   1.24    0.74  SB        (21)
120909   3.93    2.69              0.23   1651.55    123.25  8.44    2.72  KW        (22)
120922   3.10    1.59              0.18   156.62     0.04    3.41    2.12  SB        (23)
121128   2.20    0.87              0.07   243.20     12.80   1.04    0.35  KW        (24)
130215   0.60    4.84              0.12   247.54     100.61  0.47    0.24  FG        (25)
130408   3.76    0.99              0.17   1003.94    137.98  2.89    0.96  KW        (26)
130420A  1.30    1.73              0.06   128.63     6.89    0.79    0.22  FG        (27)
130427A  0.34    311.17            0.47   1112.20    6.70    9.51    3.01  FG        (28)
130505   2.27    4.56              0.09   2063.37    101.37  5.77    1.79  KW        (29)
130514   3.60    1.88              0.25   496.80     151.80  5.13    2.05  KW/SB     (30)
130518   2.49    12.34             0.08   1382.04    31.41   18.31   4.97  FG        (31)
130606   5.91    0.49              0.09   2031.54    483.70  2.86    1.16  KW        (32)
130610   2.09    0.82              0.05   911.83     132.65  0.90    0.30  FG        (33)
130612   2.01    0.08              0.01   186.07     31.56   0.08    0.03  FG        (34)
130701A  1.16    0.46              0.04   191.80     8.62    0.17    0.05  KW        (35)
130831A  0.48    1.29              0.07   81.35      5.92    0.08    0.03  KW        (36)
130907A  1.24    75.21             4.76   881.77     24.62   31.40   7.97  KW        (37)
131030A  1.29    1.05              0.10   405.86     22.93   0.48    0.15  KW        (38)
131105A  1.69    4.75              0.16   547.68     83.53   3.54    1.28  FG        (39)
131117A  4.04    0.05              0.01   221.85     37.31   0.16    0.09  SB        (40)
140206A  2.73    1.69              0.03   447.60     22.38   2.93    0.74  FG        (41)