0.17    2.8743520967754983    0.33815907020888214 
0.02    15.636449306887261    2.390285244364932   
0.02    19.809291941799604    3.235185869891895   
0.25    1.3216634849434226    0.21939914912358066 
0.37    1.1306393719904286    0.09286868374888788 
0.44    0.837117973841685     0.16215360268119805 
0.6     0.5518402823632222    0.08914343022790513 
0.73    0.48783563380821715   0.08037566506680008 
0.18    1.9188462316304078    0.47971155790760195 
0.38    1.051246983535034     0.14335186139114098 
0.15    3.143411157877267     0.9301930977391913  
1.4     0.22888307677135042   0.055083893994764835
0.38    1.1742360941063534    0.10631916345027345 
0.51    0.7728614256592486    0.06412387374465381 
0.61    0.5950467512706842    0.04640272831009923 
0.02    21.302454650980476    2.3144021992303556  
0.6     0.7687123735208309    0.1677190633136358  
0.86    0.35817751651234025   0.09849881704089357 
0.1     4.7034967159384236    1.5678322386461412  
0.001   504.88171759756057    84.98009108077753   
0.978   0.28581635938611755   0.13272738588906777 
1.23    0.213431310990035     0.05488233711172329 
1.526   0.14028262026374078   0.028712817013046357
1.944   0.10515281841508585   0.03062142514285467 